[{"scene_id": 0, "image_id": 0, "category_id": 1, "bbox": [0, 2, 639, 476], "score": 0.08189770579338074, "time": 0.0, "segmentation": {"counts": [2, 477, 3, 477, 3, 477, 3, 477, 3, 477, 3, 477, 3, 477, 3, 477, 3, 477, 3, 477, 3, 477, 3, 477, 3, 477, 3, 477, 3, 477, 3, 477, 3, 477, 3, 477, 3, 477, 3, 477, 3, 477, 3, 477, 3, 477, 3, 477, 3, 477, 3, 477, 3, 477, 3, 477, 3, 477, 3, 477, 3, 477, 3, 477, 3, 477, 3, 477, 3, 477, 3, 477, 3, 477, 3, 477, 3, 477, 3, 477, 3, 477, 3, 477, 3, 477, 3, 477, 3, 477, 3, 477, 3, 477, 3, 477, 3, 477, 3, 477, 3, 477, 3, 477, 3, 477, 3, 477, 3, 477, 3, 477, 3, 477, 3, 477, 3, 477, 3, 477, 3, 477, 3, 477, 3, 477, 3, 477, 3, 477, 3, 477, 3, 477, 3, 477, 3, 477, 3, 477, 3, 477, 3, 477, 3, 477, 3, 477, 3, 477, 3, 477, 3, 477, 3, 477, 3, 477, 3, 477, 3, 477, 3, 477, 3, 477, 3, 477, 3, 477, 3, 477, 3, 477, 3, 477, 3, 477, 3, 476, 4, 476, 4, 476, 4, 476, 4, 477, 3, 477, 3, 477, 3, 477, 3, 477, 3, 477, 3, 476, 4, 476, 4, 476, 4, 477, 3, 477, 3, 477, 3, 477, 3, 477, 3, 477, 3, 477, 3, 477, 3, 476, 4, 476, 4, 477, 4, 476, 3, 477, 3, 477, 3, 477, 3, 477, 3, 477, 3, 477, 3, 476, 4, 476, 4, 477, 3, 477, 3, 477, 3, 477, 3, 477, 3, 477, 3, 477, 3, 476, 4, 476, 4, 476, 4, 476, 5, 476, 3, 477, 3, 477, 3, 477, 3, 477, 3, 477, 3, 477, 3, 477, 3, 476, 4, 477, 3, 477, 3, 477, 3, 477, 3, 477, 3, 477, 3, 476, 4, 476, 4, 476, 4, 476, 4, 476, 5, 475, 4, 476, 4, 476, 4, 476, 4, 476, 4, 476, 4, 476, 4, 476, 4, 476, 4, 476, 5, 475, 5, 475, 4, 476, 4, 476, 4, 476, 4, 476, 4, 476, 4, 476, 4, 476, 4, 476, 5, 475, 4, 476, 4, 476, 4, 476, 4, 476, 4, 476, 4, 476, 4, 476, 4, 476, 4, 476, 5, 475, 4, 476, 4, 477, 3, 477, 3, 476, 4, 476, 4, 476, 4, 476, 4, 476, 4, 476, 4, 476, 4, 476, 4, 476, 4, 476, 4, 476, 4, 476, 4, 476, 4, 476, 4, 476, 4, 476, 4, 476, 4, 476, 4, 476, 4, 476, 4, 476, 4, 476, 4, 476, 4, 476, 4, 476, 4, 476, 4, 476, 4, 476, 4, 476, 4, 476, 4, 476, 4, 476, 4, 476, 4, 476, 4, 476, 4, 476, 4, 476, 4, 476, 4, 476, 4, 476, 4, 476, 4, 476, 4, 476, 4, 476, 4, 476, 4, 476, 4, 476, 4, 476, 4, 476, 4, 476, 4, 476, 4, 476, 4, 476, 4, 476, 4, 476, 4, 476, 4, 476, 4, 476, 4, 476, 4, 476, 4, 476, 4, 476, 4, 476, 4, 476, 4, 476, 4, 476, 4, 476, 4, 476, 4, 476, 4, 476, 4, 476, 4, 476, 4, 476, 4, 476, 4, 476, 4, 476, 4, 476, 4, 476, 4, 476, 4, 476, 4, 476, 4, 476, 4, 476, 4, 476, 4, 476, 4, 476, 4, 476, 4, 476, 4, 476, 4, 476, 4, 476, 4, 476, 4, 476, 4, 476, 4, 476, 4, 476, 4, 476, 4, 476, 4, 476, 4, 476, 4, 476, 4, 476, 4, 476, 4, 476, 4, 476, 4, 476, 4, 476, 4, 476, 4, 476, 4, 476, 4, 476, 4, 476, 4, 476, 4, 476, 4, 476, 4, 476, 4, 476, 4, 476, 4, 476, 4, 476, 4, 476, 4, 476, 4, 476, 4, 476, 4, 476, 4, 476, 4, 476, 4, 476, 4, 476, 4, 476, 4, 476, 4, 476, 4, 476, 4, 476, 4, 476, 4, 476, 4, 476, 4, 476, 4, 476, 4, 476, 4, 476, 4, 476, 4, 476, 4, 476, 4, 476, 4, 476, 4, 476, 4, 476, 4, 476, 4, 476, 4, 476, 4, 476, 4, 476, 4, 476, 4, 476, 4, 476, 4, 476, 4, 476, 4, 476, 4, 476, 4, 476, 4, 476, 4, 476, 4, 476, 4, 476, 4, 476, 4, 476, 4, 476, 4, 476, 4, 476, 4, 476, 4, 476, 4, 476, 4, 476, 4, 476, 4, 476, 4, 476, 4, 476, 4, 476, 4, 476, 4, 476, 4, 476, 4, 476, 4, 476, 4, 476, 4, 476, 4, 476, 4, 476, 4, 476, 4, 476, 4, 476, 4, 476, 4, 476, 4, 476, 4, 476, 4, 476, 4, 476, 4, 476, 4, 476, 4, 321, 6, 149, 4, 317, 11, 148, 4, 191, 1, 120, 17, 147, 4, 185, 17, 107, 23, 144, 4, 182, 26, 98, 27, 143, 4, 179, 35, 90, 30, 142, 4, 177, 45, 81, 32, 141, 4, 174, 54, 74, 35, 139, 4, 170, 60, 71, 37, 138, 4, 168, 62, 69, 42, 135, 4, 165, 66, 68, 44, 133, 4, 161, 70, 67, 46, 132, 4, 158, 73, 66, 49, 130, 4, 157, 75, 65, 50, 129, 4, 157, 75, 65, 51, 128, 4, 157, 75, 65, 51, 128, 4, 157, 75, 65, 52, 127, 4, 157, 75, 65, 52, 127, 4, 157, 75, 65, 52, 127, 4, 157, 75, 66, 52, 126, 4, 157, 76, 65, 52, 126, 4, 156, 77, 66, 51, 126, 4, 155, 78, 66, 52, 125, 4, 152, 81, 67, 51, 125, 4, 148, 85, 68, 50, 125, 4, 146, 88, 68, 48, 126, 4, 143, 91, 69, 48, 125, 4, 140, 94, 69, 48, 125, 4, 139, 95, 70, 46, 126, 4, 139, 96, 70, 45, 126, 4, 139, 96, 71, 44, 126, 4, 140, 95, 72, 43, 126, 4, 140, 95, 73, 41, 127, 4, 140, 95, 74, 40, 127, 4, 140, 95, 76, 37, 128, 4, 140, 95, 77, 34, 130, 4, 141, 95, 78, 29, 133, 4, 141, 95, 80, 22, 138, 4, 141, 95, 82, 15, 143, 4, 141, 96, 82, 12, 145, 4, 141, 96, 86, 5, 148, 4, 141, 96, 239, 4, 141, 96, 239, 4, 141, 96, 239, 4, 142, 95, 239, 4, 142, 95, 239, 4, 142, 96, 238, 4, 142, 96, 238, 4, 142, 96, 238, 4, 143, 95, 238, 4, 143, 96, 237, 4, 143, 96, 237, 4, 143, 96, 237, 4, 143, 96, 237, 4, 144, 95, 237, 4, 144, 96, 236, 4, 144, 96, 236, 4, 144, 96, 236, 4, 144, 96, 236, 4, 144, 96, 236, 4, 144, 97, 235, 4, 144, 97, 235, 4, 145, 97, 234, 4, 145, 97, 234, 4, 145, 97, 234, 4, 145, 97, 234, 4, 145, 97, 234, 4, 146, 96, 234, 4, 146, 96, 234, 4, 146, 96, 234, 4, 146, 96, 234, 4, 146, 96, 234, 4, 146, 96, 234, 4, 146, 96, 234, 4, 146, 96, 234, 4, 147, 94, 235, 4, 147, 89, 240, 4, 147, 85, 244, 4, 147, 80, 249, 4, 147, 77, 252, 4, 148, 73, 255, 4, 148, 69, 259, 4, 148, 65, 263, 4, 148, 58, 270, 4, 148, 55, 273, 4, 148, 52, 276, 4, 149, 46, 281, 4, 149, 40, 2, 1, 284, 4, 149, 36, 291, 4, 149, 32, 295, 4, 149, 29, 298, 4, 150, 21, 305, 4, 150, 13, 3, 1, 309, 4, 152, 1, 323, 4, 476, 4, 476, 4, 476, 4, 476, 4, 476, 4, 476, 4, 476, 4, 476, 4, 476, 4, 476, 4, 476, 4, 476, 4, 476, 4, 476, 4, 476, 4, 476, 4, 476, 4, 476, 4, 476, 4, 476, 4, 476, 4, 476, 4, 476, 4, 476, 4, 476, 4, 476, 4, 476, 4, 476, 4, 476, 4, 476, 4, 476, 4, 476, 4, 476, 4, 476, 4, 476, 4, 476, 4, 476, 4, 476, 4, 476, 4, 476, 4, 476, 4, 476, 4, 476, 4, 476, 4, 476, 4, 476, 4, 476, 4, 476, 4, 476, 4, 476, 4, 476, 4, 476, 4, 476, 4, 476, 4, 476, 4, 476, 4, 476, 4, 476, 4, 476, 4, 476, 4, 476, 4, 476, 4, 476, 4, 476, 4, 476, 4, 476, 4, 476, 4, 476, 4, 476, 4, 476, 4, 476, 4, 476, 4, 476, 4, 476, 4, 476, 4, 476, 4, 476, 4, 476, 4, 476, 4, 476, 4, 476, 4, 476, 4, 476, 4, 476, 4, 476, 4, 476, 4, 476, 4, 476, 4, 476, 4, 476, 4, 476, 4, 476, 4, 476, 4, 476, 4, 476, 4, 476, 4, 476, 4, 476, 4, 476, 4, 476, 4, 476, 4, 476, 4, 476, 4, 476, 4, 476, 4, 476, 4, 476, 4, 476, 4, 476, 4, 476, 4, 476, 4, 476, 4, 476, 4, 476, 4, 476, 4, 476, 4, 476, 4, 476, 4, 476, 4, 476, 4, 476, 4, 476, 4, 476, 4, 476, 4, 476, 4, 476, 4, 476, 4, 476, 4, 476, 4, 476, 4, 476, 4, 476, 4, 476, 4, 476, 4, 476, 4, 476, 4, 476, 4, 476, 4, 476, 4, 476, 4, 476, 4, 476, 4, 476, 4, 476, 4, 476, 4, 476, 4, 476, 4, 476, 4, 476, 4, 476, 4, 476, 4, 476, 4, 476, 4, 476, 4, 476, 4, 476, 4, 476, 4, 476, 4, 476, 4, 476, 2], "size": [480, 640]}, "R": [[0.9048861265182495, 0.0009470287477597594, 0.42565223574638367], [0.05349995195865631, -0.99232017993927, -0.11152663826942444], [0.4222777485847473, 0.12369099259376526, -0.8979877233505249]], "t": [9.009222030639648, -60.851261138916016, 903.3700561523438]}, {"scene_id": 0, "image_id": 0, "category_id": 1, "bbox": [395, 142, 83, 100], "score": 0.6186621189117432, "time": 0.0, "segmentation": {"counts": [189825, 4, 471, 11, 461, 20, 453, 27, 444, 36, 438, 42, 431, 49, 426, 55, 421, 59, 418, 62, 414, 66, 412, 68, 409, 72, 405, 75, 402, 78, 399, 81, 397, 83, 393, 87, 390, 91, 388, 92, 387, 93, 387, 93, 387, 93, 388, 92, 388, 93, 387, 93, 387, 93, 387, 93, 387, 93, 388, 93, 387, 93, 387, 93, 387, 93, 387, 93, 388, 93, 387, 93, 387, 93, 387, 93, 387, 94, 386, 94, 386, 94, 387, 93, 387, 93, 387, 93, 387, 94, 386, 94, 386, 94, 387, 93, 387, 94, 386, 94, 386, 94, 386, 94, 387, 93, 387, 94, 386, 94, 386, 94, 386, 94, 386, 95, 385, 95, 386, 94, 386, 94, 386, 94, 386, 94, 386, 94, 386, 94, 387, 92, 388, 89, 391, 84, 396, 80, 400, 76, 404, 72, 408, 69, 412, 63, 417, 60, 420, 55, 425, 51, 429, 47, 434, 41, 439, 35, 445, 31, 449, 24, 456, 18, 462, 11, 470, 4, 77603], "size": [480, 640]}, "R": [[-0.9558840394020081, -0.2936416268348694, -0.00785982608795166], [-0.19856569170951843, 0.6656408309936523, -0.7193711400032043], [0.2164691984653473, -0.6860741376876831, -0.6945817470550537]], "t": [179.41900634765625, -74.4548568725586, 852.4531860351562]}, {"scene_id": 0, "image_id": 0, "category_id": 1, "bbox": [404, 142, 74, 50], "score": 0.5810354351997375, "time": 0.0, "segmentation": {"counts": [194092, 7, 469, 12, 465, 15, 462, 18, 460, 20, 457, 23, 453, 28, 450, 30, 446, 34, 443, 37, 441, 39, 441, 40, 440, 40, 440, 40, 441, 39, 441, 39, 441, 40, 440, 40, 440, 40, 440, 40, 441, 39, 441, 39, 441, 40, 440, 40, 440, 40, 440, 40, 441, 39, 441, 40, 440, 40, 440, 40, 440, 40, 440, 40, 440, 40, 441, 40, 440, 40, 440, 40, 440, 40, 440, 40, 440, 40, 441, 40, 440, 40, 440, 40, 440, 40, 440, 41, 440, 40, 440, 40, 440, 40, 440, 40, 440, 40, 440, 40, 441, 40, 440, 40, 440, 40, 440, 40, 440, 40, 440, 41, 439, 41, 440, 40, 440, 40, 440, 41, 439, 41, 439, 41, 439, 41, 440, 40, 440, 41, 439, 41, 439, 42, 438, 42, 439, 39, 441, 35, 445, 30, 450, 24, 456, 18, 462, 10, 471, 4, 77603], "size": [480, 640]}, "R": [[0.31082236766815186, 0.9504680037498474, 1.0471521818544716e-05], [-0.660530149936676, 0.21599894762039185, 0.7190578579902649], [0.6834393739700317, -0.22350628674030304, 0.6949503421783447]], "t": [179.32395935058594, -74.48306274414062, 851.939453125]}, {"scene_id": 0, "image_id": 0, "category_id": 1, "bbox": [396, 177, 75, 65], "score": 0.5181728601455688, "time": 0.0, "segmentation": {"counts": [190301, 10, 462, 19, 454, 26, 445, 35, 438, 42, 431, 49, 429, 52, 424, 56, 425, 55, 427, 53, 427, 53, 427, 53, 427, 54, 427, 53, 427, 53, 427, 53, 427, 53, 428, 53, 427, 53, 427, 53, 427, 53, 427, 53, 427, 53, 428, 53, 427, 53, 427, 53, 427, 53, 427, 53, 428, 53, 427, 53, 427, 53, 427, 53, 427, 53, 427, 53, 428, 53, 427, 53, 427, 53, 427, 53, 427, 54, 426, 54, 427, 53, 427, 53, 427, 53, 427, 54, 426, 54, 426, 54, 427, 53, 427, 54, 426, 54, 426, 54, 426, 54, 427, 53, 427, 54, 426, 54, 426, 54, 426, 54, 427, 53, 427, 54, 426, 54, 426, 54, 426, 54, 427, 53, 427, 53, 427, 52, 428, 52, 428, 48, 433, 43, 437, 39, 441, 35, 445, 31, 450, 26, 454, 22, 458, 18, 462, 13, 467, 10, 470, 5, 80923], "size": [480, 640]}, "R": [[0.9572481513023376, -0.2892571687698364, 0.002637730911374092], [0.19934409856796265, 0.6662487983703613, 0.7185923457145691], [-0.20961540937423706, -0.6873449683189392, 0.6954266428947449]], "t": [150.51382446289062, -7.8140058517456055, 783.7984008789062]}, {"scene_id": 0, "image_id": 0, "category_id": 1, "bbox": [388, 300, 37, 50], "score": 0.0055093285627663136, "time": 0.0, "segmentation": {"counts": [186560, 9, 468, 14, 461, 20, 457, 24, 453, 29, 450, 31, 448, 33, 446, 36, 443, 39, 440, 41, 439, 44, 435, 47, 433, 48, 432, 49, 431, 49, 431, 50, 431, 49, 431, 49, 431, 50, 431, 49, 432, 48, 433, 47, 433, 47, 434, 46, 435, 45, 436, 44, 437, 43, 437, 43, 438, 41, 440, 40, 441, 38, 444, 35, 447, 32, 450, 24, 459, 17, 464, 13, 468, 10, 472, 4, 102872], "size": [480, 640]}, "R": [[0.20542794466018677, 0.8597509264945984, -0.46757644414901733], [-0.6374077796936035, 0.4800763726234436, 0.6026926040649414], [0.7426378726959229, 0.17422693967819214, 0.6466327905654907]], "t": [144.26454162597656, 138.80413818359375, 662.0673828125]}, {"scene_id": 0, "image_id": 0, "category_id": 1, "bbox": [390, 159, 16, 69], "score": 0.19393666088581085, "time": 0.0, "segmentation": {"counts": [187388, 14, 462, 27, 450, 36, 441, 48, 429, 54, 423, 57, 420, 52, 425, 46, 431, 41, 436, 35, 445, 29, 450, 23, 458, 17, 463, 14, 466, 10, 470, 7, 473, 4, 112156], "size": [480, 640]}, "R": [[0.8353604674339294, -0.5497026443481445, 0.0007451488636434078], [-0.3828536868095398, -0.5827788710594177, -0.716792643070221], [0.3944568932056427, 0.5984948873519897, -0.6972857713699341]], "t": [139.53671264648438, -130.1454620361328, 928.1036376953125]}]