[{"scene_id": 0, "image_id": 0, "category_id": 1, "bbox": [224, 177, 175, 161], "score": 0.6241535544395447, "time": 0.0, "segmentation": {"counts": [107760, 8, 470, 17, 462, 24, 455, 30, 449, 38, 442, 43, 436, 47, 432, 51, 428, 53, 426, 54, 426, 55, 424, 56, 423, 58, 421, 60, 419, 61, 418, 63, 416, 64, 416, 65, 414, 66, 413, 68, 411, 70, 409, 71, 408, 73, 407, 73, 406, 75, 404, 77, 402, 78, 402, 79, 400, 80, 399, 82, 397, 83, 396, 85, 394, 87, 392, 88, 392, 89, 390, 90, 389, 92, 387, 93, 387, 94, 385, 95, 384, 97, 382, 99, 380, 100, 379, 102, 377, 103, 377, 104, 375, 106, 373, 107, 372, 109, 370, 110, 369, 112, 367, 114, 366, 114, 365, 116, 363, 117, 362, 119, 360, 120, 359, 122, 358, 122, 357, 124, 356, 125, 354, 126, 352, 129, 350, 130, 350, 131, 348, 132, 347, 134, 345, 136, 343, 137, 342, 139, 341, 139, 340, 141, 338, 143, 336, 144, 335, 146, 334, 146, 334, 147, 333, 148, 332, 148, 332, 148, 333, 148, 332, 149, 331, 149, 332, 149, 332, 148, 332, 149, 331, 150, 331, 149, 331, 150, 330, 150, 331, 150, 330, 150, 331, 150, 330, 151, 330, 150, 330, 151, 330, 150, 330, 151, 329, 151, 330, 151, 329, 152, 329, 151, 329, 152, 329, 151, 329, 151, 330, 150, 330, 149, 332, 147, 333, 146, 334, 145, 336, 143, 337, 141, 340, 139, 341, 138, 343, 136, 344, 134, 346, 133, 348, 131, 349, 129, 352, 127, 353, 126, 355, 124, 356, 123, 358, 121, 359, 120, 360, 118, 363, 116, 364, 115, 366, 113, 367, 112, 369, 110, 370, 108, 373, 106, 374, 104, 376, 103, 378, 101, 379, 100, 381, 98, 382, 97, 384, 95, 385, 93, 388, 91, 389, 90, 390, 89, 391, 88, 393, 85, 395, 84, 397, 82, 398, 81, 399, 80, 401, 78, 403, 76, 404, 75, 406, 72, 408, 71, 410, 69, 411, 68, 412, 66, 415, 64, 416, 63, 418, 61, 419, 60, 421, 58, 422, 57, 424, 55, 425, 53, 427, 52, 429, 50, 430, 49, 432, 46, 434, 44, 437, 38, 442, 32, 449, 24, 456, 17, 465, 6, 115453], "size": [480, 640]}, "R": [[-0.5781025886535645, -0.8159621953964233, -0.0017406381666660309], [0.5653151869773865, -0.4020582139492035, 0.7202559113502502], [-0.5884012579917908, 0.41539809107780457, 0.6937065124511719]], "t": [-26.774219512939453, -46.37084197998047, 2198.827880859375], "s": [0.5126063227653503, 0.5103780627250671, 0.25968894362449646]}, {"scene_id": 0, "image_id": 0, "category_id": 1, "bbox": [384, 93, 151, 116], "score": 0.5716081857681274, "time": 0.0, "segmentation": {"counts": [184455, 5, 474, 18, 461, 24, 456, 26, 452, 29, 448, 33, 439, 42, 436, 45, 434, 47, 433, 48, 431, 49, 431, 50, 429, 52, 428, 53, 427, 54, 426, 55, 424, 56, 424, 57, 423, 58, 421, 60, 420, 61, 418, 63, 417, 64, 416, 65, 415, 66, 414, 66, 413, 68, 412, 69, 411, 70, 410, 71, 408, 73, 407, 74, 405, 76, 404, 76, 403, 78, 402, 79, 401, 80, 399, 82, 398, 83, 397, 83, 396, 85, 395, 86, 394, 87, 392, 89, 391, 90, 390, 90, 390, 92, 387, 94, 386, 94, 385, 96, 384, 97, 383, 98, 381, 100, 380, 101, 379, 102, 377, 104, 376, 104, 376, 106, 373, 107, 373, 108, 372, 109, 371, 110, 369, 111, 369, 111, 368, 112, 368, 112, 368, 112, 367, 113, 367, 113, 367, 112, 367, 113, 367, 112, 368, 112, 367, 112, 368, 112, 368, 111, 369, 111, 368, 111, 369, 111, 368, 112, 368, 111, 369, 111, 369, 110, 371, 109, 371, 109, 372, 107, 373, 107, 374, 105, 375, 105, 376, 103, 377, 103, 378, 101, 380, 100, 381, 98, 382, 98, 383, 97, 384, 95, 385, 95, 386, 93, 387, 93, 388, 91, 390, 90, 391, 89, 391, 88, 393, 87, 393, 86, 395, 85, 396, 83, 397, 83, 398, 82, 399, 80, 400, 80, 401, 78, 402, 78, 403, 76, 405, 75, 406, 74, 406, 73, 408, 72, 408, 71, 410, 70, 410, 69, 412, 68, 413, 66, 415, 65, 415, 65, 416, 63, 418, 62, 418, 61, 420, 60, 420, 59, 422, 58, 423, 56, 424, 56, 425, 54, 426, 54, 427, 53, 427, 52, 429, 50, 431, 48, 432, 46, 435, 41, 440, 37, 444, 33, 447, 30, 451, 26, 454, 23, 458, 20, 461, 14, 466, 12, 469, 8, 474, 2, 50260], "size": [480, 640]}, "R": [[-0.514083743095398, -0.8577334880828857, 0.003388136625289917], [-0.5990016460418701, 0.35617926716804504, -0.7171703577041626], [0.6139342784881592, -0.3707149624824524, -0.6968896985054016]], "t": [700.3568115234375, -378.46673583984375, 2923.27783203125], "s": [0.5126063227653503, 0.5103780627250671, 0.25968894362449646]}, {"scene_id": 0, "image_id": 0, "category_id": 1, "bbox": [128, 92, 147, 118], "score": 0.5638962388038635, "time": 0.0, "segmentation": {"counts": [61571, 5, 474, 9, 470, 13, 467, 17, 462, 22, 458, 25, 454, 29, 451, 33, 446, 38, 442, 41, 438, 45, 435, 47, 432, 49, 430, 51, 429, 52, 427, 53, 427, 54, 425, 55, 425, 56, 424, 57, 422, 58, 422, 59, 420, 61, 419, 61, 418, 63, 416, 64, 416, 65, 414, 66, 414, 67, 412, 69, 411, 69, 411, 70, 409, 71, 408, 73, 407, 74, 406, 74, 405, 76, 403, 78, 402, 78, 401, 80, 400, 81, 399, 81, 398, 83, 396, 84, 396, 85, 394, 86, 394, 87, 392, 89, 391, 89, 390, 91, 389, 92, 387, 93, 387, 94, 385, 96, 384, 96, 383, 98, 382, 98, 381, 100, 379, 102, 378, 102, 377, 104, 376, 104, 375, 106, 374, 107, 372, 108, 372, 109, 370, 110, 370, 111, 368, 113, 367, 113, 366, 115, 365, 116, 363, 117, 363, 118, 361, 119, 361, 119, 361, 119, 361, 119, 362, 118, 362, 118, 363, 116, 364, 115, 366, 114, 366, 113, 368, 111, 369, 111, 369, 110, 371, 108, 372, 108, 373, 106, 374, 105, 376, 103, 377, 103, 378, 101, 379, 101, 379, 100, 381, 98, 382, 97, 384, 96, 384, 95, 386, 94, 386, 93, 388, 91, 389, 90, 391, 88, 392, 88, 393, 86, 394, 86, 395, 84, 396, 83, 398, 81, 399, 81, 400, 79, 401, 78, 403, 77, 403, 76, 404, 75, 406, 74, 406, 73, 408, 71, 409, 70, 411, 69, 411, 68, 413, 66, 414, 66, 415, 64, 416, 64, 416, 63, 418, 61, 419, 61, 420, 59, 421, 58, 423, 57, 423, 56, 425, 54, 426, 53, 428, 52, 428, 51, 430, 49, 431, 49, 432, 47, 433, 46, 435, 44, 436, 44, 439, 40, 449, 31, 450, 29, 456, 14, 2, 3, 175040], "size": [480, 640]}, "R": [[0.6358034014701843, 0.771848201751709, -0.0019396841526031494], [-0.5339343547821045, 0.44163602590560913, 0.721021294593811], [0.5573758482933044, -0.45739245414733887, 0.6929099559783936]], "t": [-594.580810546875, -565.3432006835938, 2744.654296875], "s": [0.5126063227653503, 0.5103780627250671, 0.25968894362449646]}]