[{"scene_id": 0, "image_id": 0, "category_id": 1, "bbox": [0, 2, 639, 476], "score": 0.060786738991737366, "time": 0.0, "segmentation": {"counts": [2, 477, 3, 477, 3, 477, 3, 477, 3, 477, 3, 477, 3, 477, 3, 477, 3, 477, 3, 477, 3, 477, 3, 477, 3, 477, 3, 477, 3, 477, 3, 477, 3, 477, 3, 477, 3, 477, 3, 477, 3, 477, 3, 477, 3, 477, 3, 477, 3, 477, 3, 477, 3, 477, 3, 477, 3, 477, 3, 477, 3, 477, 3, 477, 3, 477, 3, 477, 3, 477, 3, 477, 3, 477, 3, 477, 3, 477, 3, 477, 3, 477, 3, 477, 3, 477, 3, 477, 3, 477, 3, 477, 3, 477, 3, 477, 3, 477, 3, 477, 3, 477, 3, 477, 3, 477, 3, 477, 3, 477, 3, 477, 3, 477, 3, 477, 3, 477, 3, 477, 3, 477, 3, 477, 3, 477, 3, 477, 3, 477, 3, 477, 3, 477, 3, 477, 3, 477, 3, 477, 3, 477, 3, 477, 3, 477, 3, 477, 3, 477, 3, 477, 3, 477, 3, 477, 3, 477, 3, 477, 3, 477, 3, 477, 3, 477, 3, 477, 3, 477, 3, 477, 3, 477, 3, 477, 3, 477, 3, 476, 4, 476, 4, 476, 4, 476, 4, 477, 3, 477, 3, 477, 3, 477, 3, 477, 3, 477, 3, 476, 4, 476, 4, 476, 4, 477, 3, 477, 3, 477, 3, 477, 3, 477, 3, 477, 3, 477, 3, 477, 3, 476, 4, 476, 4, 477, 4, 476, 3, 477, 3, 477, 3, 477, 3, 477, 3, 477, 3, 477, 3, 476, 4, 476, 4, 477, 3, 477, 3, 477, 3, 477, 3, 477, 3, 477, 3, 477, 3, 476, 4, 476, 4, 476, 4, 476, 5, 476, 3, 477, 3, 477, 3, 477, 3, 477, 3, 477, 3, 477, 3, 477, 3, 476, 4, 477, 3, 477, 3, 477, 3, 477, 3, 477, 3, 477, 3, 476, 4, 476, 4, 476, 4, 476, 4, 476, 5, 475, 4, 476, 4, 476, 4, 476, 4, 476, 4, 476, 4, 476, 4, 476, 4, 476, 4, 476, 5, 475, 5, 475, 4, 476, 4, 476, 4, 476, 4, 476, 4, 476, 4, 476, 4, 476, 4, 476, 5, 475, 4, 476, 4, 476, 4, 476, 4, 476, 4, 476, 4, 476, 4, 476, 4, 476, 4, 476, 5, 475, 4, 476, 4, 477, 3, 477, 3, 476, 4, 476, 4, 476, 4, 476, 4, 476, 4, 476, 4, 476, 4, 476, 4, 476, 4, 476, 4, 476, 4, 476, 4, 476, 4, 476, 4, 476, 4, 476, 4, 476, 4, 476, 4, 476, 4, 476, 4, 476, 4, 476, 4, 476, 4, 476, 4, 476, 4, 476, 4, 476, 4, 476, 4, 476, 4, 476, 4, 476, 4, 476, 4, 476, 4, 476, 4, 476, 4, 476, 4, 476, 4, 476, 4, 476, 4, 476, 4, 476, 4, 476, 4, 476, 4, 476, 4, 476, 4, 476, 4, 476, 4, 476, 4, 476, 4, 476, 4, 476, 4, 476, 4, 476, 4, 476, 4, 476, 4, 476, 4, 476, 4, 476, 4, 476, 4, 476, 4, 476, 4, 476, 4, 476, 4, 476, 4, 476, 4, 476, 4, 476, 4, 476, 4, 476, 4, 476, 4, 476, 4, 476, 4, 476, 4, 476, 4, 476, 4, 476, 4, 476, 4, 476, 4, 476, 4, 476, 4, 476, 4, 476, 4, 476, 4, 476, 4, 476, 4, 476, 4, 476, 4, 476, 4, 476, 4, 476, 4, 476, 4, 476, 4, 476, 4, 476, 4, 476, 4, 476, 4, 476, 4, 476, 4, 476, 4, 476, 4, 476, 4, 476, 4, 476, 4, 476, 4, 476, 4, 476, 4, 476, 4, 476, 4, 476, 4, 476, 4, 476, 4, 476, 4, 476, 4, 476, 4, 476, 4, 476, 4, 476, 4, 476, 4, 476, 4, 476, 4, 476, 4, 476, 4, 476, 4, 476, 4, 476, 4, 476, 4, 476, 4, 476, 4, 476, 4, 476, 4, 476, 4, 476, 4, 476, 4, 476, 4, 476, 4, 476, 4, 476, 4, 476, 4, 476, 4, 476, 4, 476, 4, 476, 4, 476, 4, 476, 4, 476, 4, 476, 4, 476, 4, 476, 4, 476, 4, 476, 4, 476, 4, 476, 4, 476, 4, 476, 4, 476, 4, 476, 4, 476, 4, 476, 4, 476, 4, 476, 4, 476, 4, 476, 4, 476, 4, 476, 4, 476, 4, 476, 4, 476, 4, 476, 4, 476, 4, 476, 4, 476, 4, 476, 4, 476, 4, 476, 4, 476, 4, 476, 4, 476, 4, 476, 4, 476, 4, 476, 4, 476, 4, 476, 4, 476, 4, 476, 4, 476, 4, 476, 4, 476, 4, 476, 4, 476, 4, 476, 4, 476, 4, 476, 4, 476, 4, 476, 4, 476, 4, 476, 4, 476, 4, 476, 4, 476, 4, 321, 6, 149, 4, 317, 11, 148, 4, 191, 1, 120, 17, 147, 4, 185, 17, 107, 23, 144, 4, 182, 26, 98, 27, 143, 4, 179, 35, 90, 30, 142, 4, 177, 45, 81, 32, 141, 4, 174, 54, 74, 35, 139, 4, 170, 60, 71, 37, 138, 4, 168, 62, 69, 42, 135, 4, 165, 66, 68, 44, 133, 4, 161, 70, 67, 46, 132, 4, 158, 73, 66, 49, 130, 4, 157, 75, 65, 50, 129, 4, 157, 75, 65, 51, 128, 4, 157, 75, 65, 51, 128, 4, 157, 75, 65, 52, 127, 4, 157, 75, 65, 52, 127, 4, 157, 75, 65, 52, 127, 4, 157, 75, 66, 52, 126, 4, 157, 76, 65, 52, 126, 4, 156, 77, 66, 51, 126, 4, 155, 78, 66, 52, 125, 4, 152, 81, 67, 51, 125, 4, 148, 85, 68, 50, 125, 4, 146, 88, 68, 48, 126, 4, 143, 91, 69, 48, 125, 4, 140, 94, 69, 48, 125, 4, 139, 95, 70, 46, 126, 4, 139, 96, 70, 45, 126, 4, 139, 96, 71, 44, 126, 4, 140, 95, 72, 43, 126, 4, 140, 95, 73, 41, 127, 4, 140, 95, 74, 40, 127, 4, 140, 95, 76, 37, 128, 4, 140, 95, 77, 34, 130, 4, 141, 95, 78, 29, 133, 4, 141, 95, 80, 22, 138, 4, 141, 95, 82, 15, 143, 4, 141, 96, 82, 12, 145, 4, 141, 96, 86, 5, 148, 4, 141, 96, 239, 4, 141, 96, 239, 4, 141, 96, 239, 4, 142, 95, 239, 4, 142, 95, 239, 4, 142, 96, 238, 4, 142, 96, 238, 4, 142, 96, 238, 4, 143, 95, 238, 4, 143, 96, 237, 4, 143, 96, 237, 4, 143, 96, 237, 4, 143, 96, 237, 4, 144, 95, 237, 4, 144, 96, 236, 4, 144, 96, 236, 4, 144, 96, 236, 4, 144, 96, 236, 4, 144, 96, 236, 4, 144, 97, 235, 4, 144, 97, 235, 4, 145, 97, 234, 4, 145, 97, 234, 4, 145, 97, 234, 4, 145, 97, 234, 4, 145, 97, 234, 4, 146, 96, 234, 4, 146, 96, 234, 4, 146, 96, 234, 4, 146, 96, 234, 4, 146, 96, 234, 4, 146, 96, 234, 4, 146, 96, 234, 4, 146, 96, 234, 4, 147, 94, 235, 4, 147, 89, 240, 4, 147, 85, 244, 4, 147, 80, 249, 4, 147, 77, 252, 4, 148, 73, 255, 4, 148, 69, 259, 4, 148, 65, 263, 4, 148, 58, 270, 4, 148, 55, 273, 4, 148, 52, 276, 4, 149, 46, 281, 4, 149, 40, 2, 1, 284, 4, 149, 36, 291, 4, 149, 32, 295, 4, 149, 29, 298, 4, 150, 21, 305, 4, 150, 13, 3, 1, 309, 4, 152, 1, 323, 4, 476, 4, 476, 4, 476, 4, 476, 4, 476, 4, 476, 4, 476, 4, 476, 4, 476, 4, 476, 4, 476, 4, 476, 4, 476, 4, 476, 4, 476, 4, 476, 4, 476, 4, 476, 4, 476, 4, 476, 4, 476, 4, 476, 4, 476, 4, 476, 4, 476, 4, 476, 4, 476, 4, 476, 4, 476, 4, 476, 4, 476, 4, 476, 4, 476, 4, 476, 4, 476, 4, 476, 4, 476, 4, 476, 4, 476, 4, 476, 4, 476, 4, 476, 4, 476, 4, 476, 4, 476, 4, 476, 4, 476, 4, 476, 4, 476, 4, 476, 4, 476, 4, 476, 4, 476, 4, 476, 4, 476, 4, 476, 4, 476, 4, 476, 4, 476, 4, 476, 4, 476, 4, 476, 4, 476, 4, 476, 4, 476, 4, 476, 4, 476, 4, 476, 4, 476, 4, 476, 4, 476, 4, 476, 4, 476, 4, 476, 4, 476, 4, 476, 4, 476, 4, 476, 4, 476, 4, 476, 4, 476, 4, 476, 4, 476, 4, 476, 4, 476, 4, 476, 4, 476, 4, 476, 4, 476, 4, 476, 4, 476, 4, 476, 4, 476, 4, 476, 4, 476, 4, 476, 4, 476, 4, 476, 4, 476, 4, 476, 4, 476, 4, 476, 4, 476, 4, 476, 4, 476, 4, 476, 4, 476, 4, 476, 4, 476, 4, 476, 4, 476, 4, 476, 4, 476, 4, 476, 4, 476, 4, 476, 4, 476, 4, 476, 4, 476, 4, 476, 4, 476, 4, 476, 4, 476, 4, 476, 4, 476, 4, 476, 4, 476, 4, 476, 4, 476, 4, 476, 4, 476, 4, 476, 4, 476, 4, 476, 4, 476, 4, 476, 4, 476, 4, 476, 4, 476, 4, 476, 4, 476, 4, 476, 4, 476, 4, 476, 4, 476, 4, 476, 4, 476, 4, 476, 4, 476, 4, 476, 4, 476, 4, 476, 4, 476, 4, 476, 4, 476, 4, 476, 4, 476, 4, 476, 4, 476, 4, 476, 2], "size": [480, 640]}, "R": [[0.4602099061012268, -0.7676416039466858, -0.4460184872150421], [-0.8877185583114624, -0.3906629979610443, -0.2435939610004425], [0.012750029563903809, 0.5080434083938599, -0.8612370491027832]], "t": [-21.152719497680664, -73.30687713623047, 903.800537109375]}, {"scene_id": 0, "image_id": 0, "category_id": 1, "bbox": [395, 142, 83, 100], "score": 0.6183841824531555, "time": 0.0, "segmentation": {"counts": [189825, 4, 471, 11, 461, 20, 453, 27, 444, 36, 438, 42, 431, 49, 426, 55, 421, 59, 418, 62, 414, 66, 412, 68, 409, 72, 405, 75, 402, 78, 399, 81, 397, 83, 393, 87, 390, 91, 388, 92, 387, 93, 387, 93, 387, 93, 388, 92, 388, 93, 387, 93, 387, 93, 387, 93, 387, 93, 388, 93, 387, 93, 387, 93, 387, 93, 387, 93, 388, 93, 387, 93, 387, 93, 387, 93, 387, 94, 386, 94, 386, 94, 387, 93, 387, 93, 387, 93, 387, 94, 386, 94, 386, 94, 387, 93, 387, 94, 386, 94, 386, 94, 386, 94, 387, 93, 387, 94, 386, 94, 386, 94, 386, 94, 386, 95, 385, 95, 386, 94, 386, 94, 386, 94, 386, 94, 386, 94, 386, 94, 387, 92, 388, 89, 391, 84, 396, 80, 400, 76, 404, 72, 408, 69, 412, 63, 417, 60, 420, 55, 425, 51, 429, 47, 434, 41, 439, 35, 445, 31, 449, 24, 456, 18, 462, 11, 470, 4, 77603], "size": [480, 640]}, "R": [[-0.0008690878748893738, -0.28869614005088806, 0.957420289516449], [-0.7188751101493835, 0.665721595287323, 0.20008590817451477], [-0.6951393485069275, -0.6880913376808167, -0.20811505615711212]], "t": [179.2980499267578, -74.52941131591797, 852.4242553710938]}, {"scene_id": 0, "image_id": 0, "category_id": 1, "bbox": [404, 142, 74, 50], "score": 0.5810364484786987, "time": 0.0, "segmentation": {"counts": [194092, 7, 469, 12, 465, 15, 462, 18, 460, 20, 457, 23, 453, 28, 450, 30, 446, 34, 443, 37, 441, 39, 441, 40, 440, 40, 440, 40, 441, 39, 441, 39, 441, 40, 440, 40, 440, 40, 440, 40, 441, 39, 441, 39, 441, 40, 440, 40, 440, 40, 440, 40, 441, 39, 441, 40, 440, 40, 440, 40, 440, 40, 440, 40, 440, 40, 441, 40, 440, 40, 440, 40, 440, 40, 440, 40, 440, 40, 441, 40, 440, 40, 440, 40, 440, 40, 440, 41, 440, 40, 440, 40, 440, 40, 440, 40, 440, 40, 440, 40, 441, 40, 440, 40, 440, 40, 440, 40, 440, 40, 440, 41, 439, 41, 440, 40, 440, 40, 440, 41, 439, 41, 439, 41, 439, 41, 440, 40, 440, 41, 439, 41, 439, 42, 438, 42, 439, 39, 441, 35, 445, 30, 450, 24, 456, 18, 462, 10, 471, 4, 77603], "size": [480, 640]}, "R": [[-0.29234591126441956, -0.0001068123965524137, -0.956312358379364], [0.6632566452026367, -0.7204249501228333, -0.20267744362354279], [-0.6889297366142273, -0.6935322880744934, 0.21068431437015533]], "t": [179.43763732910156, -75.1616439819336, 852.6870727539062]}, {"scene_id": 0, "image_id": 0, "category_id": 1, "bbox": [396, 177, 75, 65], "score": 0.5189418792724609, "time": 0.0, "segmentation": {"counts": [190301, 10, 462, 19, 454, 26, 445, 35, 438, 42, 431, 49, 429, 52, 424, 56, 425, 55, 427, 53, 427, 53, 427, 53, 427, 54, 427, 53, 427, 53, 427, 53, 427, 53, 428, 53, 427, 53, 427, 53, 427, 53, 427, 53, 427, 53, 428, 53, 427, 53, 427, 53, 427, 53, 427, 53, 428, 53, 427, 53, 427, 53, 427, 53, 427, 53, 427, 53, 428, 53, 427, 53, 427, 53, 427, 53, 427, 54, 426, 54, 427, 53, 427, 53, 427, 53, 427, 54, 426, 54, 426, 54, 427, 53, 427, 54, 426, 54, 426, 54, 426, 54, 427, 53, 427, 54, 426, 54, 426, 54, 426, 54, 427, 53, 427, 54, 426, 54, 426, 54, 426, 54, 427, 53, 427, 53, 427, 52, 428, 52, 428, 48, 433, 43, 437, 39, 441, 35, 445, 31, 450, 26, 454, 22, 458, 18, 462, 13, 467, 10, 470, 5, 80923], "size": [480, 640]}, "R": [[-0.004408637061715126, 0.28919675946235657, 0.9572595357894897], [0.7180178761482239, -0.6653600931167603, 0.20431776344776154], [0.6960105895996094, 0.6882302761077881, -0.20471502840518951]], "t": [150.69223022460938, -7.644278049468994, 783.8221435546875]}, {"scene_id": 0, "image_id": 0, "category_id": 1, "bbox": [388, 300, 37, 50], "score": 0.0, "time": 0.0, "segmentation": {"counts": [186560, 9, 468, 14, 461, 20, 457, 24, 453, 29, 450, 31, 448, 33, 446, 36, 443, 39, 440, 41, 439, 44, 435, 47, 433, 48, 432, 49, 431, 49, 431, 50, 431, 49, 431, 49, 431, 50, 431, 49, 432, 48, 433, 47, 433, 47, 434, 46, 435, 45, 436, 44, 437, 43, 437, 43, 438, 41, 440, 40, 441, 38, 444, 35, 447, 32, 450, 24, 459, 17, 464, 13, 468, 10, 472, 4, 102872], "size": [480, 640]}, "R": [[1.0, 0.0, 0.0], [0.0, 1.0, 0.0], [0.0, 0.0, 1.0]], "t": [0.0, 0.0, 0.0]}, {"scene_id": 0, "image_id": 0, "category_id": 1, "bbox": [390, 159, 16, 69], "score": 0.21574482321739197, "time": 0.0, "segmentation": {"counts": [187388, 14, 462, 27, 450, 36, 441, 48, 429, 54, 423, 57, 420, 52, 425, 46, 431, 41, 436, 35, 445, 29, 450, 23, 458, 17, 463, 14, 466, 10, 470, 7, 473, 4, 112156], "size": [480, 640]}, "R": [[0.5839793682098389, 0.811765730381012, 0.0020292759872972965], [0.5645788908004761, -0.4043559432029724, -0.7195462584495544], [-0.5832827091217041, 0.4213460087776184, -0.6944414377212524]], "t": [134.4467010498047, -129.63198852539062, 927.3175659179688]}]